200 30 60
TWT
343 372 3 1 47
143 250 2 2 4 39
101 183 1 4 57 19 58 30
225 430 10 6 24 45 6 15 57 20
5 54 3 2 56 16
324 480 2 3 43 3 45
16 582 1 7 2 1 1 10 19 4 50
255 362 4 5 58 29 14 10 34
368 541 3 4 7 17 20 57
275 396 2 6 39 13 58 55 31 53
306 538 10 7 14 50 50 14 41 9 23
291 333 9 2 30 21
86 252 1 3 39 51 3
240 270 7 1 57
41 65 2 1 55
333 468 7 3 1 49 36
272 313 9 2 58 43
137 291 9 3 1 36 23
149 343 8 7 26 21 37 29 54 25 58
358 557 5 6 10 8 55 52 43 48
98 270 7 7 17 53 59 44 34 20 41
281 375 3 1 3
385 434 10 2 59 13
392 500 6 4 14 47 57 55
315 514 6 6 47 0 51 46 31 11
253 280 1 1 12
101 187 6 3 22 53 54
282 612 7 5 37 45 6 5 38
113 263 8 2 28 8
175 502 6 4 3 39 4 1
89 226 10 5 40 56 59 20 39
391 539 10 5 10 35 23 37 24
275 338 6 3 46 31 34
147 400 2 6 58 36 9 19 38 30
121 305 4 5 26 36 28 11 1
362 484 9 6 18 29 53 55 19 33
244 441 2 4 35 48 5 14
336 536 1 7 8 13 43 42 41 32 10
200 222 1 1 43
174 310 5 5 40 53 35 12 23
262 581 3 6 16 46 2 30 53 2
250 380 8 3 6 36 31
358 722 3 7 42 32 2 24 7 6 30
340 367 1 1 29
81 163 1 1 1
114 277 6 5 2 26 16 42 56
237 479 4 5 32 5 9 53 58
272 480 10 5 37 22 18 47 3
178 402 5 5 0 29 20 55 17
94 118 3 1 55
121 559 9 7 6 49 18 8 19 9 24
99 246 6 2 29 1
266 562 9 7 41 51 17 28 34 5 36
113 133 9 1 56
358 485 8 5 52 30 51 51 38
14 288 2 7 12 20 1 38 21 38 23
155 318 8 5 51 36 2 16 27
71 283 10 7 2 41 33 22 32 53 26
259 331 8 3 31 29 17
364 773 8 7 9 12 1 5 40 17 28
333 707 3 7 40 9 35 40 7 56 38
15 146 10 5 41 50 15 10 38
203 344 2 3 3 42 43
155 371 5 5 51 47 24 25 6
47 179 1 5 44 39 30 31 25
371 704 2 6 27 5 28 16 2 57
202 294 1 1 6
197 220 3 1 50
41 303 4 3 16 6 0
348 392 3 2 11 33
280 399 3 2 1 17
75 220 2 6 50 39 15 53 31 26
18 129 6 2 39 8
80 638 7 7 3 49 39 15 5 5 4
277 420 1 5 58 41 36 39 58
49 342 5 7 27 11 41 58 42 1 1
324 515 8 4 17 43 6 58
133 244 10 2 44 7
259 314 9 2 16 43
198 478 3 7 32 9 54 21 1 42 23
217 495 5 7 18 36 11 19 8 38 9
278 331 8 2 16 15
248 528 6 6 55 37 9 50 44 2
63 134 2 3 58 17 59
244 271 3 1 36
295 496 1 6 32 54 9 37 56 44
372 453 5 3 17 24 27
284 308 7 1 30
113 156 10 2 15 42
14 160 5 2 5 24
174 446 9 7 26 45 17 21 36 0 30
391 567 2 5 48 48 18 9 18
164 269 10 4 25 28 57 31
138 248 6 1 6
160 215 1 2 22 53
91 119 1 1 50
17 206 10 3 2 21 2
42 169 9 6 46 18 33 24 57 11
96 273 5 4 27 7 43 14
390 511 6 5 41 45 38 57 54
201 248 5 2 44 44
194 251 5 2 50 52
179 268 6 3 26 49 36
11 297 10 7 22 52 31 4 23 25 48
89 234 2 6 11 31 10 24 17 28
272 437 2 7 17 52 29 55 23 58 47
238 376 8 6 18 47 18 59 44 50
217 425 2 6 43 13 41 6 29 13
196 296 2 4 40 22 51 54
143 270 2 6 54 21 21 12 25 13
392 532 9 5 13 17 16 48 40
23 93 6 3 24 16 46
239 423 7 4 57 1 39 25
321 350 7 1 10
89 172 4 1 5
372 511 3 2 2 20
384 412 10 1 10
154 370 5 6 30 49 5 17 46 46
278 332 8 2 35 33
139 491 2 4 0 1 3 5
393 770 6 7 1 7 23 19 42 30 50
299 319 9 1 19
95 276 7 6 13 12 52 51 3 24
151 181 10 1 15
165 417 7 6 57 14 33 49 3 51
238 261 7 1 31
27 329 7 6 20 1 2 38 57 47
308 395 10 3 14 43 55
5 75 9 3 35 12 46
246 538 6 5 6 56 1 50 44
201 229 4 1 14
121 349 1 2 0 0
289 336 1 2 35 34
14 161 9 5 30 58 20 28 42
116 240 8 6 38 45 48 31 11 35
339 381 6 2 18 15
227 463 5 4 0 30 59 8
371 571 10 7 16 43 39 51 3 42 45
325 541 2 3 0 2 54
186 250 4 3 25 53 15
170 222 3 2 25 55
244 272 2 1 33
328 566 7 5 35 31 37 15 9
8 147 2 6 34 58 43 16 24 55
198 496 1 4 4 50 4 47
193 521 4 6 46 41 5 56 8 37
372 401 3 1 19
53 176 9 3 36 31 9
312 428 7 2 9 31
285 418 10 2 9 28
394 573 3 7 35 49 43 56 52 57 23
383 446 9 3 18 24 28
183 212 7 1 15
386 702 8 6 36 4 51 4 44 10
242 265 7 1 46
254 342 9 3 54 21 43
253 488 3 6 48 34 48 12 13 5
151 349 3 4 55 21 8 38
64 188 8 6 25 53 30 31 50 57
106 194 8 1 1
294 351 5 2 15 50
72 356 5 7 4 14 50 56 51 17 21
20 298 6 4 0 33 36 0
228 251 9 1 45
205 247 5 2 31 57
222 417 8 5 38 40 56 0 51
227 675 9 7 54 45 16 38 1 4 7
274 700 7 6 35 20 1 2 1 25
364 628 8 6 28 14 26 41 30 2
356 530 3 6 26 28 10 10 22 18
270 336 5 3 15 16 26
182 337 9 7 53 11 56 41 12 31 15
123 163 1 2 25 55
341 384 1 2 29 42
311 572 2 6 42 9 25 30 53 38
247 268 8 1 14
353 669 5 6 9 10 52 56 16 1
143 341 9 4 14 50 47 1
185 378 5 4 8 10 43 50
130 317 9 5 47 48 4 35 38
140 293 5 6 55 58 42 46 48 21
69 322 4 6 14 21 50 0 36 31
46 175 10 5 12 41 28 59 29
272 458 4 7 55 55 40 31 23 34 37
332 352 9 1 58
173 285 8 1 5
310 451 4 5 58 19 35 39 40
74 350 8 6 28 8 6 35 37 18
26 72 10 2 18 42
299 602 10 5 0 32 53 6 32
163 343 9 3 20 7 16
157 437 1 7 59 43 52 10 45 0 53
143 169 6 1 25
98 269 6 5 10 42 56 16 7
148 522 10 7 4 27 10 38 50 38 5
43 87 6 2 39 50
317 543 7 4 20 3 0 48
173 409 9 5 7 48 16 49 38
98 186 5 4 11 55 49 32
309 456 8 6 23 55 10 36 48 26
4
4
4
4
4
4
4
4
4
4
1
1
1
1
1
1
1
1
1
1
1
1
1
1
1
1
1
1
1
1
5 1 62 8 49 2 76 4 43 7 67
4 8 55 4 65 0 44 3 54
3 7 46 5 72 2 42
5 9 69 0 56 8 80 4 76 3 50
4 0 60 5 48 9 46 4 40
3 1 68 6 70 7 49
2 6 41 5 47
4 9 66 6 64 2 79 4 67
1 4 76
1 3 76
4 5 55 8 59 4 61 2 53
3 8 75 9 46 4 43
5 2 80 3 55 1 57 6 53 9 45
2 0 58 3 61
1 4 80
3 6 52 2 71 3 42
2 6 63 4 73
2 1 40 2 67
1 5 55
1 1 44
1 20 10
3 16 10 25 12 15 10
3 18 12 21 16 16 17
4 16 11 15 18 21 12 28 14
1 13 17
2 18 20 25 14
4 18 13 27 12 23 20 25 17
3 27 11 12 13 26 16
2 11 19 23 13
2 29 17 20 20
3 24 15 20 16 29 12
4 19 18 24 11 20 12 23 10
5 29 19 16 15 17 18 21 13 24 13
3 29 12 19 17 23 16
2 27 19 25 20
5 12 13 18 14 22 20 24 12 13 17
2 12 19 19 19
2 20 11 23 12
1 11 10
1 20 20
3 28 13 29 18 13 11
3 28 13 11 10 19 13
4 28 14 23 18 13 13 22 15
2 11 15 25 15
2 22 11 15 19
4 10 12 28 10 21 10 16 17
3 28 18 26 20 21 11
3 21 14 15 11 17 19
4 29 17 28 14 11 13 14 17
5 23 17 20 13 29 10 15 20 26 19
3 12 19 21 17 17 16
1 22 14
2 14 11 22 16
3 21 15 27 15 24 11
4 19 10 28 16 26 14 13 17
5 27 13 16 20 11 14 18 20 28 11
1 10 18
3 24 13 14 13 18 16
5 11 16 28 10 22 11 17 13 12 19
4 11 14 24 11 18 20 21 18
0 0 0 0 0 0 0 0 0 0 0 0 0 0 0 0 0 0 0 0 0 0 0 0 0 0 0 0 0 0 0 0 0 0 0 0 0 0 0 0 0 0 0 0 0 0 0 0 0 0 0 0 0 0 0 0 0 0 0 0
0 0 0 0 0 0 0 0 0 0 0 0 0 0 0 0 0 0 0 0 0 0 0 0 0 0 0 0 0 0 0 0 0 0 0 0 0 0 0 0 0 0 0 0 0 0 0 0 0 0 0 0 0 0 0 0 0 0 0 0
0 0 0 0 0 0 0 0 0 0 0 0 0 0 0 0 0 0 0 0 0 0 0 0 0 0 0 0 0 0 0 0 0 0 0 0 0 0 0 0 0 0 0 0 0 0 0 0 0 0 0 0 0 0 0 0 0 0 0 0
0 0 0 0 0 0 0 0 0 0 0 0 0 0 0 0 0 0 0 0 0 0 0 0 0 0 0 0 0 0 0 0 0 0 0 0 0 0 0 0 0 0 0 0 0 0 0 0 0 0 0 0 0 0 0 0 0 0 0 0
0 0 0 0 0 0 0 0 0 0 0 0 0 0 0 0 0 0 0 0 0 0 0 0 0 0 0 0 0 0 0 0 0 0 0 0 0 0 0 0 0 0 0 0 0 0 0 0 0 0 0 0 0 0 0 0 0 0 0 0
0 0 0 0 0 0 0 0 0 0 0 0 0 0 0 0 0 0 0 0 0 0 0 0 0 0 0 0 0 0 0 0 0 0 0 0 0 0 0 0 0 0 0 0 0 0 0 0 0 0 0 0 0 0 0 0 0 0 0 0
0 0 0 0 0 0 0 0 0 0 0 0 0 0 0 0 0 0 0 0 0 0 0 0 0 0 0 0 0 0 0 0 0 0 0 0 0 0 0 0 0 0 0 0 0 0 0 0 0 0 0 0 0 0 0 0 0 0 0 0
0 0 0 0 0 0 0 0 0 0 0 0 0 0 0 0 0 0 0 0 0 0 0 0 0 0 0 0 0 0 0 0 0 0 0 0 0 0 0 0 0 0 0 0 0 0 0 0 0 0 0 0 0 0 0 0 0 0 0 0
0 0 0 0 0 0 0 0 0 0 0 0 0 0 0 0 0 0 0 0 0 0 0 0 0 0 0 0 0 0 0 0 0 0 0 0 0 0 0 0 0 0 0 0 0 0 0 0 0 0 0 0 0 0 0 0 0 0 0 0
0 0 0 0 0 0 0 0 0 0 0 0 0 0 0 0 0 0 0 0 0 0 0 0 0 0 0 0 0 0 0 0 0 0 0 0 0 0 0 0 0 0 0 0 0 0 0 0 0 0 0 0 0 0 0 0 0 0 0 0
0 0 0 0 0 0 0 0 0 0 0 0 0 0 0 0 0 0 0 0 0 0 0 0 0 0 0 0 0 0 0 0 0 0 0 0 0 0 0 0 0 0 0 0 0 0 0 0 0 0 0 0 0 0 0 0 0 0 0 0
0 0 0 0 0 0 0 0 0 0 0 0 0 0 0 0 0 0 0 0 0 0 0 0 0 0 0 0 0 0 0 0 0 0 0 0 0 0 0 0 0 0 0 0 0 0 0 0 0 0 0 0 0 0 0 0 0 0 0 0
0 0 0 0 0 0 0 0 0 0 0 0 0 0 0 0 0 0 0 0 0 0 0 0 0 0 0 0 0 0 0 0 0 0 0 0 0 0 0 0 0 0 0 0 0 0 0 0 0 0 0 0 0 0 0 0 0 0 0 0
0 0 0 0 0 0 0 0 0 0 0 0 0 0 0 0 0 0 0 0 0 0 0 0 0 0 0 0 0 0 0 0 0 0 0 0 0 0 0 0 0 0 0 0 0 0 0 0 0 0 0 0 0 0 0 0 0 0 0 0
0 0 0 0 0 0 0 0 0 0 0 0 0 0 0 0 0 0 0 0 0 0 0 0 0 0 0 0 0 0 0 0 0 0 0 0 0 0 0 0 0 0 0 0 0 0 0 0 0 0 0 0 0 0 0 0 0 0 0 0
0 0 0 0 0 0 0 0 0 0 0 0 0 0 0 0 0 0 0 0 0 0 0 0 0 0 0 0 0 0 0 0 0 0 0 0 0 0 0 0 0 0 0 0 0 0 0 0 0 0 0 0 0 0 0 0 0 0 0 0
0 0 0 0 0 0 0 0 0 0 0 0 0 0 0 0 0 0 0 0 0 0 0 0 0 0 0 0 0 0 0 0 0 0 0 0 0 0 0 0 0 0 0 0 0 0 0 0 0 0 0 0 0 0 0 0 0 0 0 0
0 0 0 0 0 0 0 0 0 0 0 0 0 0 0 0 0 0 0 0 0 0 0 0 0 0 0 0 0 0 0 0 0 0 0 0 0 0 0 0 0 0 0 0 0 0 0 0 0 0 0 0 0 0 0 0 0 0 0 0
0 0 0 0 0 0 0 0 0 0 0 0 0 0 0 0 0 0 0 0 0 0 0 0 0 0 0 0 0 0 0 0 0 0 0 0 0 0 0 0 0 0 0 0 0 0 0 0 0 0 0 0 0 0 0 0 0 0 0 0
0 0 0 0 0 0 0 0 0 0 0 0 0 0 0 0 0 0 0 0 0 0 0 0 0 0 0 0 0 0 0 0 0 0 0 0 0 0 0 0 0 0 0 0 0 0 0 0 0 0 0 0 0 0 0 0 0 0 0 0
0 0 0 0 0 0 0 0 0 0 0 0 0 0 0 0 0 0 0 0 0 8 1 4 2 3 4 1 1 8 9 3 3 9 5 8 1 6 5 3 4 7 9 10 7 4 3 9 1 4 2 9 2 1 8 10 10 10 9 6
0 0 0 0 0 0 0 0 0 0 0 0 0 0 0 0 0 0 0 0 8 0 6 6 7 3 4 7 10 10 10 4 4 1 8 7 4 4 8 10 3 2 4 4 4 2 9 7 6 5 1 2 1 6 10 8 3 6 2 10
0 0 0 0 0 0 0 0 0 0 0 0 0 0 0 0 0 0 0 0 4 5 0 5 2 1 3 6 4 5 10 8 7 4 1 6 1 6 9 1 8 5 2 4 10 9 5 2 9 2 6 3 8 10 8 5 9 9 1 3
0 0 0 0 0 0 0 0 0 0 0 0 0 0 0 0 0 0 0 0 6 6 2 0 10 5 1 6 10 8 8 3 1 3 7 5 5 7 1 3 4 8 1 5 10 10 4 8 2 7 9 6 10 6 10 4 2 5 3 6
0 0 0 0 0 0 0 0 0 0 0 0 0 0 0 0 0 0 0 0 5 5 9 6 0 6 8 6 6 6 2 4 1 6 5 1 7 6 3 7 7 5 2 5 1 2 4 5 2 8 7 2 1 5 5 3 4 2 8 6
0 0 0 0 0 0 0 0 0 0 0 0 0 0 0 0 0 0 0 0 2 1 4 8 8 0 6 2 2 10 2 5 7 5 7 4 10 7 8 7 1 6 9 10 10 1 6 7 10 5 8 3 4 7 8 10 4 6 8 8
0 0 0 0 0 0 0 0 0 0 0 0 0 0 0 0 0 0 0 0 6 6 4 7 6 9 0 3 6 4 10 8 10 8 9 5 8 1 10 6 5 5 5 7 10 1 6 4 9 10 5 3 2 5 4 1 9 7 5 6
0 0 0 0 0 0 0 0 0 0 0 0 0 0 0 0 0 0 0 0 1 4 2 6 8 6 10 0 10 4 4 5 4 6 8 10 7 3 7 6 5 6 5 10 3 9 1 7 10 5 9 1 9 1 2 10 10 10 2 9
0 0 0 0 0 0 0 0 0 0 0 0 0 0 0 0 0 0 0 0 8 10 4 1 2 10 3 7 0 1 2 3 6 3 10 3 7 5 2 10 9 3 10 10 2 1 2 2 1 9 7 1 3 9 5 1 10 2 8 4
0 0 0 0 0 0 0 0 0 0 0 0 0 0 0 0 0 0 0 0 9 1 7 9 2 2 7 6 2 0 10 9 5 8 9 2 7 8 3 8 10 2 3 2 1 8 6 9 2 8 8 6 3 6 8 9 9 7 6 6
0 0 0 0 0 0 0 0 0 0 0 0 0 0 0 0 0 0 0 0 2 1 8 2 7 7 10 2 2 6 0 8 4 7 4 6 1 3 4 8 10 9 1 4 2 2 10 7 2 1 6 6 5 10 2 4 5 1 8 8
0 0 0 0 0 0 0 0 0 0 0 0 0 0 0 0 0 0 0 0 4 3 6 6 2 7 7 8 5 7 9 0 8 6 7 1 4 1 4 7 1 5 3 10 3 8 2 8 1 9 7 3 7 6 7 7 3 7 2 4
0 0 0 0 0 0 0 0 0 0 0 0 0 0 0 0 0 0 0 0 6 10 6 10 4 2 3 8 1 3 7 5 0 10 4 9 5 2 4 8 2 6 1 3 1 5 6 10 8 6 4 6 6 2 9 6 6 10 10 7
0 0 0 0 0 0 0 0 0 0 0 0 0 0 0 0 0 0 0 0 2 7 7 8 1 7 9 3 8 9 1 7 10 0 6 9 7 4 2 2 7 5 8 3 4 3 5 2 9 5 4 1 7 9 7 9 10 10 3 10
0 0 0 0 0 0 0 0 0 0 0 0 0 0 0 0 0 0 0 0 10 4 2 8 4 5 8 7 1 4 1 8 5 7 0 6 7 10 9 4 9 3 5 1 8 9 3 3 1 1 5 1 6 4 3 4 2 2 3 4
0 0 0 0 0 0 0 0 0 0 0 0 0 0 0 0 0 0 0 0 3 6 2 9 5 1 2 9 2 1 6 10 5 6 4 0 5 8 7 8 8 5 5 10 10 2 1 3 5 7 7 5 3 5 9 5 4 1 7 2
0 0 0 0 0 0 0 0 0 0 0 0 0 0 0 0 0 0 0 0 2 5 1 5 9 3 5 1 4 8 5 10 9 8 2 3 0 8 10 6 3 5 5 8 1 4 8 1 10 9 10 7 9 10 3 5 3 3 2 8
0 0 0 0 0 0 0 0 0 0 0 0 0 0 0 0 0 0 0 0 5 2 9 10 4 3 10 3 7 7 4 2 7 8 8 6 4 0 2 10 5 5 4 6 10 9 6 2 7 4 1 4 5 9 6 8 5 1 1 6
0 0 0 0 0 0 0 0 0 0 0 0 0 0 0 0 0 0 0 0 7 4 5 1 1 5 8 9 5 9 9 7 3 9 5 8 2 10 0 4 9 3 8 6 4 5 9 8 5 9 8 10 7 3 3 4 7 9 1 9
0 0 0 0 0 0 0 0 0 0 0 0 0 0 0 0 0 0 0 0 3 2 7 6 9 10 1 2 6 9 2 1 10 7 2 4 1 10 6 0 5 10 10 4 10 10 4 4 7 7 4 7 1 1 1 2 7 1 7 5
0 0 0 0 0 0 0 0 0 0 0 0 0 0 0 0 0 0 0 0 6 6 6 3 7 4 8 10 4 4 8 2 8 7 9 3 5 10 1 4 0 3 8 3 6 4 8 9 5 4 3 7 9 8 6 8 2 4 2 2
0 0 0 0 0 0 0 0 0 0 0 0 0 0 0 0 0 0 0 0 3 2 6 8 4 7 10 7 8 7 2 2 1 10 3 3 8 5 3 9 1 0 3 10 4 1 4 3 8 5 8 3 6 2 3 10 8 5 1 10
0 0 0 0 0 0 0 0 0 0 0 0 0 0 0 0 0 0 0 0 4 9 4 4 1 8 2 8 3 6 1 10 10 3 1 4 8 4 8 5 9 7 0 8 10 6 1 10 7 4 9 1 7 2 10 8 1 3 10 5
0 0 0 0 0 0 0 0 0 0 0 0 0 0 0 0 0 0 0 0 8 2 7 9 5 2 6 7 3 8 7 4 4 2 9 5 8 7 3 9 6 9 9 0 8 9 10 2 8 9 2 1 7 9 8 10 6 1 7 6
0 0 0 0 0 0 0 0 0 0 0 0 0 0 0 0 0 0 0 0 3 3 10 3 4 6 7 9 3 2 9 6 3 2 10 10 7 5 1 7 8 2 7 3 0 9 3 8 8 10 6 10 7 2 9 8 7 5 5 4
0 0 0 0 0 0 0 0 0 0 0 0 0 0 0 0 0 0 0 0 5 3 9 3 8 9 6 7 7 10 6 6 1 2 6 4 3 10 1 1 3 5 8 1 4 0 4 5 7 3 6 7 4 6 7 10 5 2 10 7
0 0 0 0 0 0 0 0 0 0 0 0 0 0 0 0 0 0 0 0 10 7 8 4 4 6 1 1 2 8 10 8 9 1 7 5 5 6 3 10 3 10 9 7 6 6 0 5 2 10 8 6 8 4 3 6 8 3 4 8
0 0 0 0 0 0 0 0 0 0 0 0 0 0 0 0 0 0 0 0 8 7 2 7 3 5 1 4 2 10 6 4 9 9 3 6 10 3 5 2 9 6 6 8 6 9 3 0 1 6 2 3 1 7 1 9 10 8 7 7
0 0 0 0 0 0 0 0 0 0 0 0 0 0 0 0 0 0 0 0 4 4 9 4 5 6 8 6 9 8 7 9 5 4 4 4 4 2 5 2 8 6 3 1 9 4 3 3 0 6 5 9 5 5 4 8 8 7 10 1
0 0 0 0 0 0 0 0 0 0 0 0 0 0 0 0 0 0 0 0 6 3 10 3 8 10 2 9 2 4 7 4 3 4 5 5 10 4 5 5 6 3 3 10 7 9 3 3 7 0 5 2 5 6 9 9 4 5 2 7
0 0 0 0 0 0 0 0 0 0 0 0 0 0 0 0 0 0 0 0 8 7 10 3 5 5 7 8 2 1 7 4 9 10 4 8 3 9 5 10 3 7 10 3 7 8 5 2 4 6 0 6 8 5 8 6 10 8 3 7
0 0 0 0 0 0 0 0 0 0 0 0 0 0 0 0 0 0 0 0 5 7 4 2 7 6 5 4 3 4 4 7 8 10 4 2 5 3 7 1 6 1 9 8 4 2 2 4 5 2 6 0 10 1 10 10 7 9 6 4
0 0 0 0 0 0 0 0 0 0 0 0 0 0 0 0 0 0 0 0 8 8 4 10 1 4 3 6 5 9 4 8 6 9 10 1 8 6 7 2 6 5 10 10 10 7 7 7 2 10 10 4 0 4 4 6 5 9 8 10
0 0 0 0 0 0 0 0 0 0 0 0 0 0 0 0 0 0 0 0 4 2 9 7 4 3 6 6 9 7 8 6 7 6 6 10 3 8 8 5 1 5 1 3 9 7 1 10 3 5 3 4 8 0 1 6 2 6 4 9
0 0 0 0 0 0 0 0 0 0 0 0 0 0 0 0 0 0 0 0 3 5 4 4 9 8 1 10 6 5 4 5 3 5 7 2 2 10 1 6 7 4 2 6 9 1 5 8 10 9 9 5 5 2 0 2 2 5 3 7
0 0 0 0 0 0 0 0 0 0 0 0 0 0 0 0 0 0 0 0 3 1 6 3 10 4 8 10 6 6 5 6 7 6 7 10 2 2 6 7 9 1 9 5 3 10 6 2 5 3 2 7 2 9 10 0 1 9 2 1
0 0 0 0 0 0 0 0 0 0 0 0 0 0 0 0 0 0 0 0 8 3 8 4 3 1 5 3 8 9 7 5 7 3 4 6 7 3 3 2 4 1 3 9 10 6 10 2 2 7 7 6 4 6 6 6 0 5 8 7
0 0 0 0 0 0 0 0 0 0 0 0 0 0 0 0 0 0 0 0 4 9 1 1 2 3 8 7 10 5 2 7 5 6 8 9 2 4 5 4 4 3 2 2 2 10 9 8 10 1 9 10 1 8 2 1 9 0 3 8
0 0 0 0 0 0 0 0 0 0 0 0 0 0 0 0 0 0 0 0 10 6 2 6 4 4 8 3 10 10 9 8 7 7 2 10 10 5 4 1 7 10 5 10 7 9 5 2 10 4 5 8 3 9 9 4 5 1 0 3
0 0 0 0 0 0 0 0 0 0 0 0 0 0 0 0 0 0 0 0 1 2 10 5 8 8 3 6 3 3 6 3 8 8 6 10 9 3 3 5 2 9 4 5 3 7 3 2 7 4 10 5 6 9 1 3 8 3 7 0