60 9 18
TWT
13 363 9 5 17 1 1 2 10
81 212 4 5 15 3 7 6 9
35 211 10 3 4 16 0
9 131 8 6 9 5 6 15 7 5
20 161 5 3 6 16 0
32 290 2 4 13 3 2 0
94 144 4 2 12 6
21 147 9 6 8 4 15 6 7 11
86 302 7 6 11 7 9 13 14 1
45 299 9 6 2 10 6 9 0 5
53 233 5 6 17 17 17 6 15 0
63 296 5 2 1 0
25 106 8 4 14 9 13 13
24 70 9 2 15 16
26 137 10 4 9 4 13 14
22 227 7 6 6 1 17 4 14 15
112 326 5 5 10 15 13 0 17
110 180 2 3 5 4 12
98 333 10 6 0 15 8 4 7 11
44 114 2 3 12 16 9
40 112 6 3 17 6 12
2 30 2 1 13
87 115 9 1 8
102 414 3 6 2 16 1 6 10 11
102 332 5 5 9 3 9 6 1
88 167 9 3 9 13 17
18 156 1 6 10 13 3 12 5 8
42 419 2 7 16 10 14 6 0 14 1
58 250 2 6 9 11 5 8 6 0
70 340 5 7 4 6 7 17 0 17 14
73 307 6 4 0 14 4 1
106 475 3 7 15 7 12 0 4 2 11
46 93 1 2 5 3
92 245 5 6 3 9 5 8 15 8
23 223 8 5 0 10 5 9 17
35 235 5 5 9 16 2 15 6
18 118 4 4 14 8 5 7
94 116 5 1 10
86 143 5 2 17 7
56 412 4 7 14 4 2 13 2 7 8
118 278 4 6 13 12 11 10 15 3
73 239 2 3 16 0 14
109 321 3 7 4 15 10 11 8 2 12
10 191 9 6 0 7 6 9 15 16
79 157 5 3 7 4 9
94 238 5 2 3 0
62 301 1 5 0 1 12 11 11
69 277 2 7 10 1 14 5 6 3 4
81 301 9 7 12 14 9 16 12 1 17
51 251 9 4 9 3 4 0
55 81 7 1 11
76 272 9 7 13 8 14 4 9 5 17
80 172 3 4 8 14 8 17
88 244 6 4 1 16 12 16
86 227 1 3 13 5 0
88 143 6 2 10 17
112 202 4 3 3 9 4
88 293 5 7 8 7 7 15 8 10 14
77 365 8 7 4 7 8 13 11 2 6
17 149 4 6 11 15 12 14 4 17
4
4
4
1
1
1
1
1
1
3 0 47 1 79 2 46
1 2 49
3 0 44 1 47 2 69
3 2 75 1 51 0 58
1 0 62
3 2 73 0 49 1 40
1 5 18
3 8 12 3 18 4 14
4 3 14 8 14 4 18 5 10
4 4 15 7 20 6 18 5 16
4 5 11 6 16 4 20 3 13
4 4 10 6 13 7 12 5 12
5 4 14 5 12 7 13 6 17 8 16
4 5 19 8 13 3 19 6 14
1 5 18
3 8 18 5 18 4 19
1 5 16
2 4 12 7 11
0 0 0 0 0 0 0 0 0 0 0 0 0 0 0 0 0 0
0 0 0 0 0 0 0 0 0 0 0 0 0 0 0 0 0 0
0 0 0 0 0 0 0 0 0 0 0 0 0 0 0 0 0 0
0 0 0 0 0 0 0 0 0 0 0 0 0 0 0 0 0 0
0 0 0 0 0 0 0 0 0 0 0 0 0 0 0 0 0 0
0 0 0 0 0 0 0 0 0 0 0 0 0 0 0 0 0 0
0 0 0 0 0 0 0 1 8 3 5 9 8 1 6 6 6 3
0 0 0 0 0 0 7 0 10 6 10 7 9 7 2 4 9 8
0 0 0 0 0 0 5 10 0 9 8 8 8 3 2 1 10 8
0 0 0 0 0 0 8 1 4 0 2 6 8 4 4 3 10 4
0 0 0 0 0 0 9 10 7 10 0 5 4 9 4 10 9 10
0 0 0 0 0 0 6 4 9 10 2 0 2 7 3 9 7 4
0 0 0 0 0 0 9 1 9 8 4 3 0 7 1 3 5 7
0 0 0 0 0 0 3 1 6 9 1 8 3 0 6 5 8 9
0 0 0 0 0 0 2 7 7 5 3 5 2 9 0 10 5 3
0 0 0 0 0 0 9 6 5 3 8 7 6 6 4 0 7 5
0 0 0 0 0 0 6 1 8 10 7 6 8 6 5 2 0 2
0 0 0 0 0 0 10 6 10 10 9 5 3 10 4 5 7 0