20 3 6
TWT
39 168 9 6 3 3 2 3 3 3
40 136 5 1 0
3 173 8 6 4 2 4 3 3 3
4 28 10 1 5
34 156 3 5 1 4 4 5 2
5 171 10 7 2 2 5 2 2 3 3
16 74 4 2 2 1
16 242 6 7 2 3 3 2 4 0 5
40 135 1 1 0
26 90 6 3 4 4 5
27 134 2 5 2 4 1 3 3
40 230 8 4 1 0 1 3
40 69 1 1 5
14 250 2 7 4 0 2 3 2 1 2
7 303 4 7 4 0 4 0 4 2 1
10 161 8 6 5 5 2 2 3 5
4 33 4 1 4
36 79 4 2 3 3
31 99 10 3 5 5 2
23 159 5 5 5 1 4 1 4
4
1
1
1 0 46
1 0 59
2 1 14 2 18
2 2 10 1 10
2 2 19 1 12
2 1 20 2 12
0 0 0 0 0 0
0 0 0 0 0 0
0 0 0 5 2 1
0 0 2 0 9 3
0 0 2 3 0 1
0 0 8 3 9 0