24 6 14
TWC
0 0 8 1 8
0 0 5 1 10
0 0 5 1 8
0 0 5 1 8
0 0 5 1 8
0 0 7 1 2
0 0 5 1 8
0 0 5 1 8
0 0 5 1 8
0 0 5 1 8
0 0 5 1 6
0 0 5 1 13
0 0 5 1 8
0 0 5 1 8
0 0 5 1 6
7 0 5 1 3
82 0 8 1 4
0 0 5 1 8
22 0 5 1 8
24 0 5 2 0 3
0 0 7 1 8
0 0 5 3 1 4 5
0 0 7 4 11 13 12 0
0 0 5 2 9 7
4
4
4
4
1
1
1 3 89
1 3 92
1 3 92
1 5 14
2 0 72 3 74
2 1 141 2 141
2 1 147 2 147
2 1 147 2 147
2 1 234 2 234
2 4 1 5 1
2 4 2 5 3
2 4 10 5 10
2 4 12 5 11
3 0 126 1 125 2 125
0 0 0 0 0 0 0 0 0 0 0 0 0 0
0 0 0 0 0 0 0 0 0 0 0 0 0 0
3 3 0 3 3 3 3 3 3 3 3 3 3 3
3 3 3 0 3 3 3 3 3 3 3 3 3 3
0 0 0 0 0 0 0 0 0 0 0 0 0 0
0 0 0 0 0 0 0 0 0 0 0 0 0 0
0 0 0 0 0 0 0 0 0 0 0 0 0 0
0 0 0 0 0 0 0 0 0 0 0 0 0 0
0 0 0 0 0 0 0 0 0 0 0 0 0 0
3 3 3 3 3 3 3 3 3 0 3 3 3 3
3 3 3 3 3 3 3 3 3 3 0 3 3 3
3 3 3 3 3 3 3 3 3 3 3 0 3 3
3 3 3 3 3 3 3 3 3 3 3 3 0 3
0 0 0 0 0 0 0 0 0 0 0 0 0 0
