120 40 60
Makespan
50 638 2 6 5 43 40 57 12 10
120 626 2 7 24 47 9 0 26 42 28
81 465 5 6 27 16 59 54 40 15
41 252 6 3 58 18 41
102 547 7 7 31 20 11 32 37 50 13
207 736 3 6 15 23 59 12 29 16
63 372 2 5 2 49 16 52 24
4 328 10 4 18 24 37 18
209 261 4 2 27 30
86 138 4 2 43 26
170 374 7 3 3 37 59
110 156 1 2 48 41
31 482 1 6 31 11 27 4 55 29
8 222 9 4 34 3 56 36
44 339 10 2 7 3
30 54 4 1 41
100 128 6 1 52
16 658 6 7 15 16 53 23 5 22 39
57 84 9 1 40
55 262 3 2 19 51
148 293 3 6 34 26 59 46 29 48
84 580 4 7 16 20 30 43 35 17 54
21 658 1 7 0 27 4 55 26 2 16
8 309 1 3 4 7 28
78 344 1 6 50 2 27 56 31 36
142 182 3 2 42 50
95 503 1 4 5 51 53 0
53 567 1 7 4 27 5 53 26 34 8
72 100 9 1 52
67 319 7 4 50 38 15 43
203 453 1 4 15 48 59 53
144 184 6 2 47 51
177 700 1 7 48 15 17 44 22 3 23
156 176 6 1 54
111 279 6 3 14 23 51
17 360 8 7 52 55 31 44 24 12 50
99 387 3 4 30 0 28 10
52 379 4 5 5 19 54 55 42
32 132 1 5 31 25 24 48 28
220 528 10 6 33 52 14 34 29 43
45 352 9 7 31 21 33 42 39 56 7
187 331 7 2 17 40
10 288 8 5 44 36 53 38 12
187 343 7 7 33 51 21 28 40 25 51
144 534 6 3 8 37 3
184 567 5 4 30 4 53 6
29 57 4 1 57
214 236 2 1 37
23 75 7 2 34 36
39 578 9 4 5 35 15 4
136 189 5 2 28 39
173 467 2 6 18 54 51 43 30 59
174 333 1 2 12 20
89 240 8 2 27 11
128 402 2 5 56 48 6 45 34
105 180 2 3 31 36 49
116 611 9 6 13 36 54 5 5 47
34 255 5 4 20 45 12 31
26 50 9 1 56
119 354 7 3 42 32 9
196 1000 5 7 54 29 38 17 14 11 1
88 646 9 7 52 44 5 37 44 17 9
17 377 3 7 33 57 22 58 4 43 42
177 499 3 3 11 3 44
136 489 3 7 52 55 22 7 6 22 57
43 97 10 2 25 33
206 378 3 7 36 25 33 59 54 42 35
172 230 6 2 51 29
97 127 4 1 57
0 221 7 4 25 15 53 59
76 434 5 3 18 51 9
93 259 10 3 30 16 40
213 618 8 5 46 47 47 11 14
128 400 9 5 23 13 45 40 58
28 49 4 1 45
99 764 6 5 1 53 10 12 4
165 252 5 3 41 49 53
105 421 1 7 13 26 38 21 59 44 54
74 352 10 7 53 52 43 12 58 38 32
1 358 6 7 26 7 55 17 44 52 50
21 395 5 6 17 36 20 4 45 45
240 548 2 4 24 12 6 26
164 493 6 6 57 21 8 6 57 59
65 370 8 6 16 29 26 24 40 40
89 573 3 7 18 57 55 9 6 35 56
97 425 10 7 53 51 53 56 30 47 18
105 413 2 4 18 2 43 26
173 245 5 3 26 51 48
231 438 4 4 40 17 39 57
204 432 1 6 3 42 34 34 47 45
28 418 6 5 26 43 30 0 12
237 566 9 6 26 20 0 55 6 26
222 279 9 2 37 48
115 475 7 7 23 17 51 29 46 24 59
203 286 2 4 23 33 28 38
148 236 3 4 36 51 34 48
139 227 5 4 49 58 36 38
172 515 3 7 3 42 42 30 41 21 49
43 601 6 7 45 30 35 50 13 2 18
39 274 1 4 24 21 11 33
138 790 7 4 12 6 13 4
48 75 8 1 49
164 424 9 3 15 38 4
60 243 7 4 52 54 2 29
224 520 2 4 0 55 41 0
185 365 4 2 20 18
231 527 3 4 3 20 14 25
177 532 4 4 17 16 51 35
109 306 1 2 16 23
185 425 5 3 40 48 16
159 230 4 3 25 34 35
222 594 5 5 3 36 26 1 58
47 201 2 2 56 4
19 201 9 3 17 50 26
180 923 4 6 9 6 13 22 58 1
123 484 4 4 1 59 54 4
101 173 7 3 54 27 26
31 490 2 7 40 44 56 1 17 21 32
97 391 6 4 10 13 34 43
160 438 9 7 43 16 51 28 33 21 32
6
6
6
6
6
6
6
6
6
6
6
6
6
6
6
6
6
6
6
6
1
1
1
1
1
1
1
1
1
1
1
1
1
1
1
1
1
1
1
1
4 3 98 10 108 1 96 13 80
5 12 61 7 74 17 81 5 85 10 82
5 19 106 16 120 2 75 13 72 14 75
5 18 101 16 68 14 63 19 109 13 62
4 5 87 0 87 9 74 16 88
4 7 88 0 92 12 90 1 99
4 1 76 17 120 16 85 3 117
4 14 77 18 117 10 86 5 99
3 0 67 1 111 2 106
3 4 92 15 119 0 75
2 1 118 11 80
2 18 66 2 88
1 1 100
4 19 60 10 62 9 63 2 90
5 0 102 6 88 12 66 14 83 10 96
1 14 103
4 12 68 15 105 1 79 2 116
1 5 93
3 8 83 9 80 14 106
4 14 103 16 62 3 112 15 96
4 8 117 4 116 5 94 7 91
1 4 112
3 1 68 16 78 17 115
5 1 108 12 89 18 67 0 60 15 75
2 12 70 1 79
4 11 80 9 63 17 66 1 86
2 10 65 11 70
3 11 104 3 78 17 87
5 4 72 6 91 5 72 16 116 18 64
5 6 110 19 64 5 102 15 97 16 61
2 34 18 23 12
3 32 13 24 13 22 17
5 23 17 25 15 26 13 20 19 37 18
3 25 11 37 12 24 17
5 37 15 32 11 36 17 29 13 28 14
4 26 16 37 17 28 15 21 12
5 25 20 30 20 36 15 39 16 38 19
5 20 11 25 10 36 14 23 11 28 19
1 20 13
1 31 16
3 23 20 24 18 30 10
4 24 14 33 11 26 14 22 13
2 21 18 33 12
3 35 11 31 12 34 15
4 39 16 35 19 33 18 38 14
1 25 16
1 20 13
4 35 17 22 20 33 20 36 19
5 23 11 24 19 27 12 22 18 36 11
2 23 18 20 14
3 37 12 38 13 22 14
2 21 20 26 16
5 21 11 36 18 33 20 25 11 20 15
4 23 17 37 17 30 11 28 15
3 38 17 31 10 36 20
1 22 11
1 32 20
2 33 14 27 13
2 26 14 35 17
5 28 20 27 14 21 19 20 17 25 20
0 0 0 0 0 0 0 0 0 0 0 0 0 0 0 0 0 0 0 0 0 0 0 0 0 0 0 0 0 0 0 0 0 0 0 0 0 0 0 0 0 0 0 0 0 0 0 0 0 0 0 0 0 0 0 0 0 0 0 0
0 0 0 0 0 0 0 0 0 0 0 0 0 0 0 0 0 0 0 0 0 0 0 0 0 0 0 0 0 0 0 0 0 0 0 0 0 0 0 0 0 0 0 0 0 0 0 0 0 0 0 0 0 0 0 0 0 0 0 0
0 0 0 0 0 0 0 0 0 0 0 0 0 0 0 0 0 0 0 0 0 0 0 0 0 0 0 0 0 0 0 0 0 0 0 0 0 0 0 0 0 0 0 0 0 0 0 0 0 0 0 0 0 0 0 0 0 0 0 0
0 0 0 0 0 0 0 0 0 0 0 0 0 0 0 0 0 0 0 0 0 0 0 0 0 0 0 0 0 0 0 0 0 0 0 0 0 0 0 0 0 0 0 0 0 0 0 0 0 0 0 0 0 0 0 0 0 0 0 0
0 0 0 0 0 0 0 0 0 0 0 0 0 0 0 0 0 0 0 0 0 0 0 0 0 0 0 0 0 0 0 0 0 0 0 0 0 0 0 0 0 0 0 0 0 0 0 0 0 0 0 0 0 0 0 0 0 0 0 0
0 0 0 0 0 0 0 0 0 0 0 0 0 0 0 0 0 0 0 0 0 0 0 0 0 0 0 0 0 0 0 0 0 0 0 0 0 0 0 0 0 0 0 0 0 0 0 0 0 0 0 0 0 0 0 0 0 0 0 0
0 0 0 0 0 0 0 0 0 0 0 0 0 0 0 0 0 0 0 0 0 0 0 0 0 0 0 0 0 0 0 0 0 0 0 0 0 0 0 0 0 0 0 0 0 0 0 0 0 0 0 0 0 0 0 0 0 0 0 0
0 0 0 0 0 0 0 0 0 0 0 0 0 0 0 0 0 0 0 0 0 0 0 0 0 0 0 0 0 0 0 0 0 0 0 0 0 0 0 0 0 0 0 0 0 0 0 0 0 0 0 0 0 0 0 0 0 0 0 0
0 0 0 0 0 0 0 0 0 0 0 0 0 0 0 0 0 0 0 0 0 0 0 0 0 0 0 0 0 0 0 0 0 0 0 0 0 0 0 0 0 0 0 0 0 0 0 0 0 0 0 0 0 0 0 0 0 0 0 0
0 0 0 0 0 0 0 0 0 0 0 0 0 0 0 0 0 0 0 0 0 0 0 0 0 0 0 0 0 0 0 0 0 0 0 0 0 0 0 0 0 0 0 0 0 0 0 0 0 0 0 0 0 0 0 0 0 0 0 0
0 0 0 0 0 0 0 0 0 0 0 0 0 0 0 0 0 0 0 0 0 0 0 0 0 0 0 0 0 0 0 0 0 0 0 0 0 0 0 0 0 0 0 0 0 0 0 0 0 0 0 0 0 0 0 0 0 0 0 0
0 0 0 0 0 0 0 0 0 0 0 0 0 0 0 0 0 0 0 0 0 0 0 0 0 0 0 0 0 0 0 0 0 0 0 0 0 0 0 0 0 0 0 0 0 0 0 0 0 0 0 0 0 0 0 0 0 0 0 0
0 0 0 0 0 0 0 0 0 0 0 0 0 0 0 0 0 0 0 0 0 0 0 0 0 0 0 0 0 0 0 0 0 0 0 0 0 0 0 0 0 0 0 0 0 0 0 0 0 0 0 0 0 0 0 0 0 0 0 0
0 0 0 0 0 0 0 0 0 0 0 0 0 0 0 0 0 0 0 0 0 0 0 0 0 0 0 0 0 0 0 0 0 0 0 0 0 0 0 0 0 0 0 0 0 0 0 0 0 0 0 0 0 0 0 0 0 0 0 0
0 0 0 0 0 0 0 0 0 0 0 0 0 0 0 0 0 0 0 0 0 0 0 0 0 0 0 0 0 0 0 0 0 0 0 0 0 0 0 0 0 0 0 0 0 0 0 0 0 0 0 0 0 0 0 0 0 0 0 0
0 0 0 0 0 0 0 0 0 0 0 0 0 0 0 0 0 0 0 0 0 0 0 0 0 0 0 0 0 0 0 0 0 0 0 0 0 0 0 0 0 0 0 0 0 0 0 0 0 0 0 0 0 0 0 0 0 0 0 0
0 0 0 0 0 0 0 0 0 0 0 0 0 0 0 0 0 0 0 0 0 0 0 0 0 0 0 0 0 0 0 0 0 0 0 0 0 0 0 0 0 0 0 0 0 0 0 0 0 0 0 0 0 0 0 0 0 0 0 0
0 0 0 0 0 0 0 0 0 0 0 0 0 0 0 0 0 0 0 0 0 0 0 0 0 0 0 0 0 0 0 0 0 0 0 0 0 0 0 0 0 0 0 0 0 0 0 0 0 0 0 0 0 0 0 0 0 0 0 0
0 0 0 0 0 0 0 0 0 0 0 0 0 0 0 0 0 0 0 0 0 0 0 0 0 0 0 0 0 0 0 0 0 0 0 0 0 0 0 0 0 0 0 0 0 0 0 0 0 0 0 0 0 0 0 0 0 0 0 0
0 0 0 0 0 0 0 0 0 0 0 0 0 0 0 0 0 0 0 0 0 0 0 0 0 0 0 0 0 0 0 0 0 0 0 0 0 0 0 0 0 0 0 0 0 0 0 0 0 0 0 0 0 0 0 0 0 0 0 0
0 0 0 0 0 0 0 0 0 0 0 0 0 0 0 0 0 0 0 0 0 0 0 0 0 0 0 0 0 0 0 0 0 0 0 0 0 0 0 0 0 0 0 0 0 0 0 0 0 0 0 0 0 0 0 0 0 0 0 0
0 0 0 0 0 0 0 0 0 0 0 0 0 0 0 0 0 0 0 0 0 0 0 0 0 0 0 0 0 0 0 0 0 0 0 0 0 0 0 0 0 0 0 0 0 0 0 0 0 0 0 0 0 0 0 0 0 0 0 0
0 0 0 0 0 0 0 0 0 0 0 0 0 0 0 0 0 0 0 0 0 0 0 0 0 0 0 0 0 0 0 0 0 0 0 0 0 0 0 0 0 0 0 0 0 0 0 0 0 0 0 0 0 0 0 0 0 0 0 0
0 0 0 0 0 0 0 0 0 0 0 0 0 0 0 0 0 0 0 0 0 0 0 0 0 0 0 0 0 0 0 0 0 0 0 0 0 0 0 0 0 0 0 0 0 0 0 0 0 0 0 0 0 0 0 0 0 0 0 0
0 0 0 0 0 0 0 0 0 0 0 0 0 0 0 0 0 0 0 0 0 0 0 0 0 0 0 0 0 0 0 0 0 0 0 0 0 0 0 0 0 0 0 0 0 0 0 0 0 0 0 0 0 0 0 0 0 0 0 0
0 0 0 0 0 0 0 0 0 0 0 0 0 0 0 0 0 0 0 0 0 0 0 0 0 0 0 0 0 0 0 0 0 0 0 0 0 0 0 0 0 0 0 0 0 0 0 0 0 0 0 0 0 0 0 0 0 0 0 0
0 0 0 0 0 0 0 0 0 0 0 0 0 0 0 0 0 0 0 0 0 0 0 0 0 0 0 0 0 0 0 0 0 0 0 0 0 0 0 0 0 0 0 0 0 0 0 0 0 0 0 0 0 0 0 0 0 0 0 0
0 0 0 0 0 0 0 0 0 0 0 0 0 0 0 0 0 0 0 0 0 0 0 0 0 0 0 0 0 0 0 0 0 0 0 0 0 0 0 0 0 0 0 0 0 0 0 0 0 0 0 0 0 0 0 0 0 0 0 0
0 0 0 0 0 0 0 0 0 0 0 0 0 0 0 0 0 0 0 0 0 0 0 0 0 0 0 0 0 0 0 0 0 0 0 0 0 0 0 0 0 0 0 0 0 0 0 0 0 0 0 0 0 0 0 0 0 0 0 0
0 0 0 0 0 0 0 0 0 0 0 0 0 0 0 0 0 0 0 0 0 0 0 0 0 0 0 0 0 0 0 0 0 0 0 0 0 0 0 0 0 0 0 0 0 0 0 0 0 0 0 0 0 0 0 0 0 0 0 0
0 0 0 0 0 0 0 0 0 0 0 0 0 0 0 0 0 0 0 0 0 0 0 0 0 0 0 0 0 0 0 7 2 1 3 10 6 3 9 2 8 8 4 8 7 7 6 1 1 10 4 3 6 7 7 6 7 8 8 3
0 0 0 0 0 0 0 0 0 0 0 0 0 0 0 0 0 0 0 0 0 0 0 0 0 0 0 0 0 0 5 0 10 4 10 6 10 5 3 8 1 2 7 10 2 1 4 2 5 1 8 8 3 3 9 9 7 3 7 3
0 0 0 0 0 0 0 0 0 0 0 0 0 0 0 0 0 0 0 0 0 0 0 0 0 0 0 0 0 0 3 5 0 10 9 5 5 7 5 2 7 1 1 2 9 3 7 7 3 5 5 1 5 8 7 4 3 7 2 3
0 0 0 0 0 0 0 0 0 0 0 0 0 0 0 0 0 0 0 0 0 0 0 0 0 0 0 0 0 0 10 10 1 0 1 8 3 5 3 10 3 1 4 7 8 3 7 2 3 6 7 9 2 6 5 5 4 6 7 4
0 0 0 0 0 0 0 0 0 0 0 0 0 0 0 0 0 0 0 0 0 0 0 0 0 0 0 0 0 0 3 4 8 4 0 9 7 5 1 1 6 7 5 8 2 1 5 5 5 8 4 5 9 2 3 4 7 4 5 10
0 0 0 0 0 0 0 0 0 0 0 0 0 0 0 0 0 0 0 0 0 0 0 0 0 0 0 0 0 0 6 3 2 9 5 0 3 1 10 2 3 7 4 7 4 9 4 7 7 7 4 8 3 10 9 3 10 5 3 1
0 0 0 0 0 0 0 0 0 0 0 0 0 0 0 0 0 0 0 0 0 0 0 0 0 0 0 0 0 0 6 1 5 3 5 6 0 7 10 6 7 1 10 4 5 3 5 2 1 5 10 10 1 5 6 5 6 1 10 9
0 0 0 0 0 0 0 0 0 0 0 0 0 0 0 0 0 0 0 0 0 0 0 0 0 0 0 0 0 0 2 8 3 5 5 1 5 0 4 6 1 9 8 7 5 7 2 10 7 3 9 4 2 9 6 3 6 1 3 6
0 0 0 0 0 0 0 0 0 0 0 0 0 0 0 0 0 0 0 0 0 0 0 0 0 0 0 0 0 0 2 5 6 4 10 5 6 6 0 6 9 7 9 5 2 2 9 6 9 5 3 8 9 6 5 9 7 8 7 3
0 0 0 0 0 0 0 0 0 0 0 0 0 0 0 0 0 0 0 0 0 0 0 0 0 0 0 0 0 0 7 1 3 7 9 2 8 4 8 0 5 4 2 2 10 4 4 4 7 5 1 7 4 6 7 5 7 4 7 4
0 0 0 0 0 0 0 0 0 0 0 0 0 0 0 0 0 0 0 0 0 0 0 0 0 0 0 0 0 0 3 6 2 3 7 2 9 9 7 7 0 2 9 6 4 8 5 3 5 1 9 10 9 5 1 1 4 10 10 9
0 0 0 0 0 0 0 0 0 0 0 0 0 0 0 0 0 0 0 0 0 0 0 0 0 0 0 0 0 0 5 2 1 9 5 10 7 4 4 6 3 0 3 3 4 8 6 4 3 5 3 2 1 4 7 7 1 5 8 7
0 0 0 0 0 0 0 0 0 0 0 0 0 0 0 0 0 0 0 0 0 0 0 0 0 0 0 0 0 0 6 5 5 5 1 10 6 2 1 3 10 6 0 10 6 7 8 8 4 3 10 6 10 6 1 5 10 7 7 3
0 0 0 0 0 0 0 0 0 0 0 0 0 0 0 0 0 0 0 0 0 0 0 0 0 0 0 0 0 0 1 10 2 4 5 5 9 7 3 1 4 2 3 0 7 1 7 8 8 5 7 1 1 8 6 4 10 10 5 5
0 0 0 0 0 0 0 0 0 0 0 0 0 0 0 0 0 0 0 0 0 0 0 0 0 0 0 0 0 0 6 2 10 3 5 7 5 9 4 6 2 8 4 9 0 2 9 2 6 4 10 6 4 6 2 10 4 5 5 6
0 0 0 0 0 0 0 0 0 0 0 0 0 0 0 0 0 0 0 0 0 0 0 0 0 0 0 0 0 0 1 7 5 8 4 2 10 4 4 9 2 4 1 5 9 0 3 4 5 6 5 6 4 6 1 4 3 9 8 9
0 0 0 0 0 0 0 0 0 0 0 0 0 0 0 0 0 0 0 0 0 0 0 0 0 0 0 0 0 0 9 3 5 10 2 5 1 2 4 2 2 3 4 8 9 3 0 4 9 9 3 2 6 8 1 7 5 5 4 4
0 0 0 0 0 0 0 0 0 0 0 0 0 0 0 0 0 0 0 0 0 0 0 0 0 0 0 0 0 0 6 4 6 1 2 3 5 5 7 2 3 2 4 7 10 3 10 0 7 4 3 8 10 9 9 9 1 7 4 1
0 0 0 0 0 0 0 0 0 0 0 0 0 0 0 0 0 0 0 0 0 0 0 0 0 0 0 0 0 0 10 1 9 5 8 1 9 7 3 7 9 4 7 4 8 6 1 7 0 1 3 6 1 5 3 3 9 2 6 4
0 0 0 0 0 0 0 0 0 0 0 0 0 0 0 0 0 0 0 0 0 0 0 0 0 0 0 0 0 0 4 4 4 1 6 2 6 7 7 6 1 9 8 6 2 7 5 3 1 0 10 2 6 7 2 3 8 5 5 9
0 0 0 0 0 0 0 0 0 0 0 0 0 0 0 0 0 0 0 0 0 0 0 0 0 0 0 0 0 0 7 7 8 2 8 10 7 3 5 3 2 9 8 5 10 2 10 7 6 8 0 3 10 5 10 3 10 2 6 7
0 0 0 0 0 0 0 0 0 0 0 0 0 0 0 0 0 0 0 0 0 0 0 0 0 0 0 0 0 0 2 6 10 8 8 6 8 2 6 5 3 7 2 6 9 10 3 4 5 8 8 0 10 9 10 8 9 2 9 5
0 0 0 0 0 0 0 0 0 0 0 0 0 0 0 0 0 0 0 0 0 0 0 0 0 0 0 0 0 0 4 6 2 9 3 8 3 10 7 7 3 9 2 7 3 5 7 6 5 10 7 4 0 8 6 8 4 1 2 4
0 0 0 0 0 0 0 0 0 0 0 0 0 0 0 0 0 0 0 0 0 0 0 0 0 0 0 0 0 0 1 5 6 7 10 10 6 10 6 1 1 4 10 5 2 6 2 5 9 10 10 7 2 0 3 1 4 6 5 2
0 0 0 0 0 0 0 0 0 0 0 0 0 0 0 0 0 0 0 0 0 0 0 0 0 0 0 0 0 0 10 1 2 9 2 7 10 2 10 9 3 4 9 1 10 9 7 1 5 9 3 8 8 10 0 5 5 10 8 3
0 0 0 0 0 0 0 0 0 0 0 0 0 0 0 0 0 0 0 0 0 0 0 0 0 0 0 0 0 0 10 6 8 5 3 8 1 10 3 10 8 9 2 5 5 10 4 9 5 3 4 1 6 9 5 0 9 6 5 1
0 0 0 0 0 0 0 0 0 0 0 0 0 0 0 0 0 0 0 0 0 0 0 0 0 0 0 0 0 0 9 6 5 9 4 3 2 9 2 7 7 3 10 1 6 2 3 9 5 4 2 2 7 2 3 8 0 10 6 6
0 0 0 0 0 0 0 0 0 0 0 0 0 0 0 0 0 0 0 0 0 0 0 0 0 0 0 0 0 0 5 2 1 9 3 1 6 9 7 1 5 6 5 7 1 6 2 8 1 9 7 9 3 2 4 9 2 0 8 8
0 0 0 0 0 0 0 0 0 0 0 0 0 0 0 0 0 0 0 0 0 0 0 0 0 0 0 0 0 0 7 6 8 4 1 9 8 9 3 8 2 1 8 10 1 10 2 6 9 6 9 8 7 10 10 4 10 8 0 9
0 0 0 0 0 0 0 0 0 0 0 0 0 0 0 0 0 0 0 0 0 0 0 0 0 0 0 0 0 0 6 9 5 5 7 1 1 8 10 1 10 8 8 6 9 7 2 5 10 4 3 3 2 8 1 4 6 4 9 0
